     2     2     6 
     1     1     1  1.0000000E+000 
     1     1     2  1.0000000E+000 
     1     1     3  1.0000000E+000 
     1     1     4  2.0000000E+000 
     1     1     5  2.0000000E+000 
     1     1     6  2.0000000E-000 
     1     2     1  1.0000000E+000 
     1     2     2  1.0000000E+000 
     1     2     3  1.0000000E+000 
     1     2     4  2.0000000E+000 
     1     2     5  2.0000000E+000 
     1     2     6  2.0000000E-000 
     2     1     1  1.0000000E+000 
     2     1     2  1.0000000E+000 
     2     1     3  1.0000000E+000 
     2     1     4  2.0000000E+000 
     2     1     5  2.0000000E+000 
     2     1     6  2.0000000E-000 
     2     2     1  1.0000000E+000 
     2     2     2  1.0000000E+000 
     2     2     3  1.0000000E+000 
     2     2     4  2.0000000E+000 
     2     2     5  2.0000000E+000 
     2     2     6  2.0000000E-000 
